line	DTT	PH	EW
MG_1539	78.1060540668558	224.94055008773	67.1930799524813
5237	68.8675635466986	210.063141198691	110.957380372275
MG_1548	70.1112065013352	169.368505897962	108.116301574924
81515	69.9335432221014	201.788627266023	110.534346043817
MG_1547	68.4234053486141	229.119597528471	135.522177262347
MG_1520	70.4665330598028	234.914543312965	112.596021127062
MG_1532	73.9309670048617	197.878896215908	62.9791971476041
CHANG7-2	73.2067423874295	185.687010891431	83.7343989038138
MG_1535	69.7558799428676	196.820204197587	118.944828149879
MG_1546	73.664472086011	220.09285505647	148.158887533067
DAN340	74.9044378944434	206.662224000142	116.71638955053
MG_1529	62.8270120527497	214.613659523054	91.6303081248277
MG_1533	72.0655025729069	175.312040035905	135.535345646113
MG_1534	70.4665330598027	235.68534539648	130.793904466641
E28	73.7533037256279	178.116645207247	90.2575041173013
MG_1538	80.1975863472722	265.844554358056	61.1841183356593
F349	73.5756404463941	160.354145785653	109.956583206117
H21	70.8218596182703	185.406761298318	66.8918531738514
MG_1536	66.6467725562762	190.146110652092	134.585575967045
HUANGC	70.288869780569	229.862539295714	128.537995722858
HYS	68.6899002674648	156.68277522229	78.1886803964577
HZS	70.6441963390366	181.367015438935	68.2659879038065
JI53	69.4005533844	187.966814807705	89.8608065563734
JI853	71.2660178163548	203.274510800509	105.854631663244
MG_1544	69.4005533844	241.396710232159	146.698842983096
MG_1542	71.3548494559717	235.416029005854	143.374649106358
MG_1543	69.6670483032507	240.449459478925	159.211276632031
MG_1526	72.864987329459	173.640421059609	110.154108962596
MG_1531	74.9044378944434	173.222458636903	77.7707970337195
K12	74.0642144642871	215.823261587846	94.0890922809939
MG_1527	69.3117217447831	215.096571671761	112.814122483174
MG_1528	68.3345737089972	187.932763306944	104.65054757271
MG_1530	58.4742617115218	188.443535771923	60.7438640034544
LV28	68.512236988231	181.28343449012	86.3794150984378
LX9801	71.6213443748224	240.864268635397	118.641955323279
MG_1193	73.4868088067772	219.479928098494	75.8405929663181
MG_1195	69.8447115824845	204.416783767645	111.108816785576
MG_1205	72.2431658521407	173.974744854868	90.7035831173489
MG_1214	71.4436810955886	165.189458457221	83.5251679173217
MG_156	65.8472877997242	223.672905697371	94.9512099056245
MG_704	70.3777014201859	216.653653786083	84.483167836243
MG_1297	69.8447115824845	224.457637939022	120.669063399141
MG_885	73.4868088067772	254.26198517444	83.1325854763205
MG_230	64.7813081243214	201.636943324973	104.373188489655
MG_891	73.664472086011	213.285651114107	129.321514556889
MG_556	68.9563951863155	237.788799274986	109.294048897928
MG_52	70.9995228975041	172.18704122744	96.5857355404851
MG_1093	73.1314822483097	205.572986892917	104.038217727626
MG_1224	73.5756404463941	218.593041363848	50.3906378360076
MG_68	70.6441963390366	214.047166425531	122.605638836616
MG_154	66.0249510789579	185.587853354083	134.960051880369
MG_371	70.8218596182703	219.693523856577	99.9527266644602
MG_409	73.7533037256279	207.017079952995	95.6326737654758
MG_400	74.1974619237124	199.248695099262	101.367504895238
MG_579	72.0655025729069	172.040000672435	81.1071234484293
MG_401	69.8447115824845	233.047902122767	84.8189616222567
MG_732	69.7558799428676	218.692100269243	103.461277913912
MG_162	69.2228901051662	183.670134917388	101.816875991227
MG_433	70.9106912578872	205.048284269801	101.491781517023
MG_806	73.0426506086928	170.222888930291	105.132839628112
MG_407	66.5579409166593	159.153056598373	104.856303569042
MG_793	71.7990076540562	217.32539697349	98.3774587565432
MG_1300	71.088354537121	208.410095766575	112.143357935132
MG_576	70.0223748617183	235.546043815122	98.0210893708964
MG_53	69.1340584655493	190.839522971281	101.448984269786
MG_381	70.1112065013352	222.217978066758	57.4048556949804
MG_721	70.5553646994197	146.185627172383	63.662307055426
MG_1315	71.5325127352055	186.326151735281	87.3892655284347
MG_1059	69.1340584655493	200.832089740698	99.5412146717964
MG_96	71.4436810955886	209.858832212699	114.24700724163
MG_1236	70.4665330598027	183.410105298853	111.32115697379
MG_363	69.3117217447831	238.025611963295	86.05843574416
MG_568	74.8192834010307	200.274883415266	75.1590552168653
MG_218	70.1112065013352	200.070574429274	112.703014245155
MG_220	69.6670483032507	220.79864973535	123.127436043314
MG_149	67.3574256732114	205.234019711612	95.6137442138132
MG_878	69.5782166636338	207.114591059946	71.1740469695108
MG_369	68.0680787901466	169.263255817365	97.6194536660565
MG_233	70.9995228975041	213.294937886197	113.109588093907
MG_240	69.7558799428676	212.942040546757	111.262722270832
MG_574	71.088354537121	218.959868861424	98.5774535849778
MG_1242	72.5096607709914	200.683501387249	88.3168135598989
MG_128	67.0020991147438	204.133537218884	127.76599922462
MG_239	66.2914459978086	240.444816092879	139.029905487814
MG_127	68.9563951863155	194.405643454047	91.8484094809396
MG_366	70.288869780569	199.197617852764	91.075589958717
MG_163	73.2203138879265	223.603254906692	92.1060159883471
MG_1246	70.6441963390365	220.910091000437	74.9451428702818
MG_810	68.6010686278479	204.193901237472	112.152411198971
MG_161	67.0020991147438	207.735256991568	113.535914518307
MG_1061	70.6441963390365	208.930155003645	111.591931864963
MG_416	70.9106912578872	203.228076940056	87.0139665911254
MG_365	70.5553646994197	228.878141454117	78.4619243595865
MG_429	68.4234053486142	170.20431538611	93.0072272522808
MG_552	69.9335432221014	179.096399662799	106.716337775882
MG_428	70.2000381409521	171.727346008958	113.858539920555
MG_896	68.0680787901465	150.386343744907	100.593039325045
MG_1303	70.9106912578872	226.184977547861	119.489670028166
MG_437	70.8218596182703	200.014853796731	94.4483422505894
MG_438	74.2862935633293	183.289377261676	116.854347227147
MG_690	70.6441963390365	194.770923153179	121.799898354981
MG_219	68.512236988231	211.809054351712	132.328844199276
MG_1272	66.82443583551	212.421981309687	108.243047268665
MG_410	69.2228901051662	234.883587409092	108.77060564326
MG_120	68.6899002674648	190.98811132473	82.1926920850764
MG_569	68.8675635466986	206.311285274114	125.738068124773
MG_1256	71.1771861767379	193.458392700813	93.2459042080258
MG_413	69.1340584655493	212.942040546757	84.2831730078084
MG_129	68.512236988231	213.573541048913	90.7216896450261
MG_412	72.5984924106083	234.273756038718	92.4607393260233
MG_382	72.864987329459	206.343788976431	97.9116271808478
MG_1097	70.6441963390365	185.824666042392	96.1758695957919
MG_56	70.2000381409521	212.974544249074	87.0756933900249
MG_90	70.6441963390366	210.267450184683	121.82294302657
MG_477	72.864987329459	229.768123776364	112.04871017682
MG_1274	71.7990076540562	228.135199686874	128.200555888873
MG_134	70.9106912578872	171.713415850822	102.891745316065
MG_458	69.2228901051662	189.59509551115	118.651831611103
MG_353	70.3777014201859	197.878896215908	132.75105550375
MG_779	66.3802776374255	225.683491854972	103.327125004303
MG_447	74.1974619237124	203.785283265489	68.7720608001674
MG_340	65.8472877997241	211.840010255585	104.245619771929
MG_992	69.6670483032507	216.322425587712	119.311896847336
MG_620	70.9995228975041	217.195382164222	106.029935772119
MG_522	70.4665330598027	206.701329701917	127.263954593571
MG_675	69.5782166636338	224.791961734281	115.710343887542
MG_213	67.3574256732114	228.339508672866	121.59743445459
MG_606	72.9538189690759	202.447988084451	68.7955076519141
MG_855	72.0655025729069	176.301081263547	100.504975758615
MG_324	67.712752231679	211.586171821539	97.1305774187719
MG_455	70.9106912578873	210.248876640502	123.760341488031
MG_813	69.7558799428676	202.373693907727	93.4779969718882
MG_257	72.1543342125238	222.971754404536	101.300839952427
MG_511	69.1340584655493	203.692415544583	94.55039722477
MG_646	70.9995228975041	204.788254651266	87.4139562479945
MG_119	64.4259815658538	200.813516196517	124.689535567466
MG_115	62.4716854942821	175.112374435959	89.9941364419965
MG_307	70.7774437984619	200.751604377937	87.4551074472609
MG_1166	73.4868088067772	169.67496937695	103.036597537483
MG_457	68.512236988231	192.747954635887	81.0223519779406
MG_651	66.4691092770424	218.216927094181	95.9487149758415
MG_113	70.6441963390366	192.960002604812	82.2725254116532
MG_631	69.6670483032507	194.609952440039	119.190912321492
MG_316	71.1771861767379	207.476775171477	121.838580482291
MG_199	70.9995228975041	214.817968509045	116.047783721526
MG_338	71.4436810955886	198.959257366011	96.7083661142989
MG_270	69.4005533844	173.8447300456	120.936546194372
MG_298	69.5782166636338	186.047548572565	134.721374924624
MG_909	69.1340584655493	201.547171191669	97.8564845738309
MG_480	67.0909307543607	208.83728728274	101.609473946925
MG_183	68.512236988231	204.973990093077	89.6632807998948
MG_146	65.5807928808735	238.081332595838	163.25232439999
MG_977	73.5756404463941	231.436647165059	96.6203025478688
MG_923	67.8904155109128	217.84545621056	75.7870964072719
MG_331	69.7558799428676	211.883348528436	96.6342939556194
MG_283	68.9563951863155	176.110702435691	78.2734518669465
MG_925	66.9132674751269	195.557203193274	72.8200949401659
MG_763	68.6010686278479	161.635720334147	87.6592173956222
MG_148	72.9538189690759	214.465071169605	69.5452825025475
MG_959	71.7101760144393	163.991464857542	96.8007498569394
MG_760	70.1112065013352	193.653414914714	105.494147157671
MG_640	70.4665330598027	172.532199593234	85.865025107608
MG_911	69.0452268259324	161.437602532644	96.0688764776994
MG_63	66.6467725562762	163.202089229846	117.863374633159
MG_621	69.0452268259324	159.738123240076	128.391497453469
MG_927	67.4462573128283	172.01987932981	114.4618165018
MG_600	70.4665330598027	159.343435426229	116.819780219764
MG_260	74.1086302840955	213.630809479901	78.7985411695855
MG_342	71.1771861767379	218.119415987231	107.112212312825
MG_77	70.8218596182703	230.382598532784	100.638305644238
MG_928	71.5325127352055	203.63669491204	123.612197170672
MG_615	71.97667093329	194.578996536166	112.275041772785
MG_612	64.5148132054707	216.63817583879	117.774488042744
MG_362	73.3979771671603	172.781394641234	85.3654495485142
MG_770	70.9106912578872	186.256500944602	120.172779935988
MG_628	70.2000381409521	217.789735578017	74.2389882908707
MG_443	69.7558799428676	202.638366912307	88.2847156244711
MG_107	71.5325127352055	221.002958721342	81.6865323340999
MG_994	71.088354537121	221.31870897242	98.0457800904562
MG_147	67.8904155109128	179.639675830095	71.9625039474546
MG_50	69.4005533844	190.160040810228	102.647307192423
MG_258	72.2431658521407	167.467813207004	69.4020763291005
MG_952	71.7101760144393	207.060418225846	98.3906271403085
MG_750	70.3777014201859	194.349922821504	116.914427978076
MG_508	69.9335432221014	211.251848016993	137.351759581731
MG_305	67.8015838712959	202.234392326369	79.9088005257924
MG_833	67.1797623939776	220.79864973535	105.946810349601
MG_274	67.1797623939776	233.688689397014	117.558032734602
MG_255	71.3548494559717	196.467306858146	95.929785424179
MG_812	71.8878392936731	204.263552028151	85.7498017496622
MG_598	74.0197986444786	204.124250446793	91.3718785934349
MG_486	66.0249510789579	188.624627827689	78.2199553079002
MG_1000	66.9132674751269	204.249621870015	142.975482473474
MG_118	67.712752231679	232.704291555418	162.517363981092
MG_80	68.1569104297635	185.946941878013	80.1771063450092
MG_1290	71.088354537121	157.53096707013	83.8403861037022
MG_288	74.0197986444786	217.408977922305	120.769472325351
MG_136	69.1340584655493	175.195955384773	102.51562335477
MG_277	71.4436810955886	192.248016741442	92.8911808703496
MG_356	68.6010686278479	186.313769375589	70.6366123070919
MG_1021	71.3548494559717	204.537511804822	104.288417019166
MG_835	71.2660178163548	215.06871135549	86.3761230024965
MG_204	70.4665330598027	205.229376325567	113.729325154859
MG_295	67.5350889524452	205.921240846312	141.992791834993
MG_212	69.4005533844	168.606990586538	116.385223555511
MG_917	67.8015838712959	166.545327182439	91.6763974680061
MG_184	70.5553646994197	209.803111580156	124.923274379299
MG_822	65.4919612412566	210.843230054296	97.0071238209728
MG_660	69.4893850240169	179.101043048844	105.327896312635
MG_294	69.4005533844	206.631678911238	99.1412250149272
MG_996	71.6213443748224	174.940569152284	105.235717626278
MG_991	69.0452268259324	177.187967998193	107.713842846099
MG_264	68.7787319070817	226.746827259339	110.851210278168
MG_614	71.1771861767379	212.459128398049	113.906275311704
MG_946	71.7101760144393	183.150075680318	81.2714966643846
MG_610	69.9335432221014	226.983639947647	104.071138687039
MG_439	66.9132674751269	188.276373874293	101.38314235096
MG_168	71.2660178163548	229.379627147006	112.896031847934
MG_1545	68.2457420693803	241.972490101772	123.386688598692
MG_1518	68.9563951863155	219.182751391597	97.7659519354448
NX110	71.7990076540562	225.200579706265	88.7382018403866
MG_1524	73.9309670048617	204.472504400188	98.7955549410896
MG_1519	70.3777014201859	212.551996118955	122.455848471287
MG_1521	70.2000381409521	228.655258923944	131.523926741626
Q1261	72.4208291313745	207.091374129719	92.1290606599362
MG_1525	73.0426506086928	247.804582974629	87.5917294288253
SHUANG741	69.4449692042084	208.603570182033	131.758900089437
MG_1540	68.8675635466986	218.476956712716	69.4728563918387
TY4	73.4868088067772	233.837277750463	60.0451166399113
XI502	71.7101760144393	190.950964236368	104.577298438016
MG_1523	71.5325127352055	181.394875755206	108.480901200425
YUANFH	66.2914459978086	196.35586559306	74.1821996358831
MG_1541	81.2151614534472	255.837308775098	55.4889418184748
MG_1522	68.8675635466986	167.41828375895	117.839506937584
ZI330	68.6010686278479	222.544562888371	91.3307273941685
ZONG3	68.0680787901466	192.808318654475	99.6523229098157
ZONG31	70.9106912578873	189.78083095296	94.2253027505656
